a Ind:20,39,6,-47,12,50
Aldebaran:4,37,11,16,33,5
Alkaid:13,48,24,49,12,18
Almaak:2,5,15,42,26,0
Alnitak:5,41,52,-1,54,58
Altair:19,51,51,8,55,38
Betelgeuse:5,56,21,7,24,34
Caph:0,10,20,59,16,30
Capella:5,18,18,46,1,4
Deneb:20,42,11,45,21,32
Fomalhaut:22,58,51,-29,30,24
Gienah:20,47,6,34,3,11
Hamal:2,8,24,23,33,54
M13:16,42,29,36,25,34
M27:20,0,33,22,46,38
M31:0,43,54,41,23,9
M33:1,35,8,30,45,40
M42:5,36,28,-5,26,14
M45:3,47,6,24,26,0
M51:13,30,49,47,5,17
Mirach:1,10,58,35,44,7
Mirphak:3,25,53,49,56,13
Muscida:8,32,4,60,38,39
Navi:0,58,3,60,50,4
NGC6960:20,46,36,30,47,49
Rigel:5,15,35,-8,10,41
Sadr:20,23,1,40,19,38
Sculptor Galaxy:0,48,40,-25,9,53
Shedir:0,41,46,56,39,24
Vega:18,37,41,38,48,19
Veil Nebula:20,46,36,30,47,50